inf -nan
6.28319 1
3.14159 -1
2.0944 -0.5
1.5708 6.12323e-17
1.25664 0.309017
1.0472 0.5
0.897598 0.62349
0.785398 0.707107
0.698132 0.766044
0.628319 0.809017
0.571199 0.841254
0.523599 0.866025
0.483322 0.885456
0.448799 0.900969
0.418879 0.913545
0.392699 0.92388
0.369599 0.932472
0.349066 0.939693
0.330694 0.945817
0.314159 0.951057
0.299199 0.955573
0.285599 0.959493
0.273182 0.962917
0.261799 0.965926
0.251327 0.968583
0.241661 0.970942
0.232711 0.973045
0.224399 0.974928
0.216662 0.976621
0.20944 0.978148
0.202683 0.97953
0.19635 0.980785
0.1904 0.981929
0.1848 0.982973
0.17952 0.98393
0.174533 0.984808
0.169816 0.985616
0.165347 0.986361
0.161107 0.98705
0.15708 0.987688
0.153248 0.98828
0.1496 0.988831
0.146121 0.989343
0.1428 0.989821
0.139626 0.990268
0.136591 0.990686
0.133685 0.991077
0.1309 0.991445
0.128228 0.99179
0.125664 0.992115
0.1232 0.992421
0.12083 0.992709
0.118551 0.992981
0.116355 0.993238
0.11424 0.993482
0.1122 0.993712
0.110231 0.993931
0.108331 0.994138
0.106495 0.994335
0.10472 0.994522
0.103003 0.9947
0.101342 0.994869
0.0997331 0.995031
0.0981748 0.995185
0.0966644 0.995332
0.0951998 0.995472
0.0937789 0.995606
0.0923998 0.995734
0.0910607 0.995857
0.0897598 0.995974
0.0884956 0.996087
0.0872665 0.996195
0.086071 0.996298
0.0849079 0.996397
0.0837758 0.996493
0.0826735 0.996584
0.0815998 0.996673
0.0805537 0.996757
0.079534 0.996839
0.0785398 0.996917
0.0775702 0.996993
0.0766242 0.997066
0.075701 0.997136
0.0747998 0.997204
0.0739198 0.997269
0.0730603 0.997332
0.0722205 0.997393
0.0713998 0.997452
0.0705976 0.997509
0.0698132 0.997564
0.069046 0.997617
0.0682955 0.997669
0.0675611 0.997719
0.0668424 0.997767
0.0661388 0.997814
0.0654498 0.997859
0.0647751 0.997903
0.0641141 0.997945
0.0634665 0.997987
